Model: ARIMA
Drug: M01AB
Training Period: 2014-01-02 to 2014-09-30
Forecast Period: 180 days
Generated: 2025-09-15 21:23:41

Evaluation Metrics:
- MAE: 1.69
- RMSE: 2.17
- MAPE: 75.87%
- R2: 0.08

Model Parameters:
- model_type: ARIMA
- order: (2, 0, 3)
- aic: 833.2240766272241
- bic: 855.9532451323475
- hqic: 842.4313316420712
- seasonal_periods: 7
- params: 7
- loglikelihood: -409.61203831361206
