Model: ARIMA
Drug: N02BA
Training Period: 2014-01-02 to 2014-09-30
Forecast Period: 180 days
Generated: 2025-09-15 21:23:54

Evaluation Metrics:
- MAE: 1.97
- RMSE: 2.40
- MAPE: 97.03%
- R2: -0.22

Model Parameters:
- model_type: ARIMA
- order: (2, 0, 2)
- aic: 956.674478897409
- bic: 976.156623330372
- hqic: 964.5664117672779
- seasonal_periods: 7
- params: 6
- loglikelihood: -472.3372394487045
