Model: ARIMA
Drug: N05B
Training Period: 2014-01-02 to 2014-09-30
Forecast Period: 180 days
Generated: 2025-09-15 21:24:09

Evaluation Metrics:
- MAE: 4.68
- RMSE: 5.92
- MAPE: 42.94%
- R2: -0.22

Model Parameters:
- model_type: ARIMA
- order: (1, 0, 1)
- aic: 1165.7768502325255
- bic: 1178.7649465211675
- hqic: 1171.038138812438
- seasonal_periods: 7
- params: 4
- loglikelihood: -578.8884251162627
