Model: ARIMA
Drug: R06
Training Period: 2014-01-02 to 2014-09-30
Forecast Period: 180 days
Generated: 2025-09-15 21:24:29

Evaluation Metrics:
- MAE: 1.47
- RMSE: 1.74
- MAPE: 94.42%
- R2: -0.03

Model Parameters:
- model_type: ARIMA
- order: (1, 0, 1)
- aic: 814.2789961767023
- bic: 827.2670924653443
- hqic: 819.5402847566149
- seasonal_periods: 7
- params: 4
- loglikelihood: -403.13949808835116
