Model: ARIMA
Drug: M01AE
Training Period: 2014-01-02 to 2014-09-30
Forecast Period: 180 days
Generated: 2025-09-15 21:23:47

Evaluation Metrics:
- MAE: 1.60
- RMSE: 1.87
- MAPE: 103.23%
- R2: -0.01

Model Parameters:
- model_type: ARIMA
- order: (0, 0, 1)
- aic: 810.9100585855301
- bic: 820.6511308020116
- hqic: 814.8560250204646
- seasonal_periods: 7
- params: 3
- loglikelihood: -402.45502929276506
