Model: ARIMA
Drug: N05C
Training Period: 2014-01-02 to 2014-09-30
Forecast Period: 180 days
Generated: 2025-09-15 21:24:15

Evaluation Metrics:
- MAE: 0.85
- RMSE: 1.05
- MAPE: 40.95%
- R2: -0.01

Model Parameters:
- model_type: ARIMA
- order: (0, 0, 1)
- aic: 571.9104137468873
- bic: 581.6514859633688
- hqic: 575.8563801818218
- seasonal_periods: 7
- params: 3
- loglikelihood: -282.9552068734437
