Model: ARIMA
Drug: R03
Training Period: 2014-01-02 to 2014-09-30
Forecast Period: 180 days
Generated: 2025-09-15 21:24:22

Evaluation Metrics:
- MAE: 3.54
- RMSE: 4.68
- MAPE: 101.65%
- R2: -0.04

Model Parameters:
- model_type: ARIMA
- order: (1, 0, 0)
- aic: 1118.1352319154548
- bic: 1127.8763041319362
- hqic: 1122.0811983503893
- seasonal_periods: 7
- params: 3
- loglikelihood: -556.0676159577274
