Model: ARIMA
Drug: M01AB
Training Period: 2014-01-02 to 2014-08-31
Forecast Period: 180 days
Generated: 2025-09-15 21:05:37

Evaluation Metrics:
- MAE: 1.64
- RMSE: 2.13
- MAPE: 74.79%
- R2: 0.08

Model Parameters:
- model_type: ARIMA
- order: (2, 0, 3)
- aic: 745.5069833826135
- bic: 767.416274387075
- hqic: 754.3981861969263
- seasonal_periods: 7
- params: 7
- loglikelihood: -365.75349169130675
