Model: ARIMA
Drug: N05B
Training Period: 2014-01-02 to 2014-08-31
Forecast Period: 180 days
Generated: 2025-09-15 21:06:06

Evaluation Metrics:
- MAE: 4.60
- RMSE: 6.05
- MAPE: 52.26%
- R2: -0.10

Model Parameters:
- model_type: ARIMA
- order: (3, 1, 3)
- aic: 1009.9250269560878
- bic: 1031.7927748119105
- hqic: 1018.8000239152937
- seasonal_periods: 7
- params: 7
- loglikelihood: -497.9625134780439
